1 0.0009971
101 0.000997
201 0.0019946
301 0.0039907
401 0.0049927
501 0.0079719
601 0.011118
701 0.0110958
801 0.0150992
901 0.0192446
1001 0.0241941
1101 0.0310963
1201 0.0331238
1301 0.0394766
1401 0.046113
1501 0.0581728
1601 0.0598003
1701 0.0662908
1801 0.0776605
1901 0.0889921
2001 0.0982487
2101 0.100731
2201 0.114698
2301 0.120452
2401 0.128642
2501 0.139636
2601 0.151776
2701 0.161113
2801 0.173886
2901 0.213954
3001 0.224818
3101 0.2198
3201 0.258614
3301 0.272189
3401 0.271561
3501 0.282206
3601 0.305824
3701 0.301857
3801 0.381359
3901 0.418255
4001 0.446912
4101 0.452982
4201 0.459493
4301 0.459436
4401 0.430198
4501 0.454098
4601 0.470224
4701 0.495013
4801 0.51114
4901 0.535025
5001 0.560615
5101 0.582762
5201 0.598953
5301 0.629185
5401 0.652326
5501 0.67523
5601 0.702847
5701 0.723876
5801 0.749857
5901 0.780845
6001 0.804875
6101 0.836983
6201 0.848024
6301 0.886145
6401 0.922302
6501 0.926146
6601 0.953897
6701 0.993969
6801 1.0331
6901 1.0646
7001 1.1
7101 1.12442
7201 1.15588
7301 1.21035
7401 1.24907
7501 1.2552
7601 1.29461
7701 1.32671
7801 1.37644
7901 1.42748
8001 1.43371
8101 1.45173
8201 1.48243
8301 1.59374
8401 1.58748
8501 1.63681
8601 1.67389
8701 1.68837
8801 1.73034
8901 1.755
9001 1.81442
9101 1.93391
9201 1.93678
9301 1.98025
9401 2.20166
9501 2.22515
9601 2.33038
9701 2.50753
9801 2.23485
9901 2.31166
